1548256
1548257
1548258
1548259
1548260
1548261
1548262
1548263
1548264
1548265
1548266
1548267
1548268
1548269
1548270
1548271
1548272
1548273
1548274
1548275
1548276
1548277
1548278
1548279
1548280
1548281
1548282
1548283
1548284
1548285
1548286
1548287
1548288
1548289
1548290
1548291
1548292
1548293
1548294
1548295
1548296
1548297
1548298
1548299
1548300
1548301
1548302
1548303
1548304
1548305
1548306
1548307
1548308
1548309
1548310
1548311
1548312
1548313
1548314
1548315
1548316
1548317
1548318
1548319
1548320
1548321
1548322
1548323
1548324
1548325
1548326
1548327
1548328
1548329
1548330
1548331
1548332
1548333
1548334
1548335
1548336
1548337
1548338
1548339
1548340
1548341
1548342
1548343
1548344
1548345
1548346
1548347
1548348
1548349
1548350
1548351
1548352
1548353
1548354
1548355
1548356
1548357
1548358
1548359
1548360
1548361
1548362
1548363
1548364
1548365
1548366
1548367
1548368
1548369
1548370
1548371
1548372
1548373
1548374
1548375
1548376
1548377
1548378
1548379
1548380
1548381
1548382
1548383
1548384
1548385
1548386
1548387
1548388
1548389
1548390
1548391
1548392
1548393
1548394
1548395
1548396
1548397
1548398
1548399
1548400
1548401
1548402
1548403
1548404
1548405
1548406
1548407
1548408
1548409
1548410
1548411
1548412
1548413
1548414
1548415
1548416
1548417
1548418
1548419
1548420
1548421
1548422
1548423
1548424
1548425
1548426
1548427
1548428
1548429
1548430
1548431
1548432
1548433
1548434
1548435
1548436
1548437
1548438
1548439
1548440
1548441
1548442
1548443
1548444
1548445
1548446
1548447
1548448
1548449
1548450
1548451
1548452
1548453
1548454
1548455
1548456
1548457
1548458
1548459
1548460
1548461
1548462
1548463
1548464
1548465
1548466
1548467
1548468
1548469
1548470
1548471
1548472
1548473
1548474
1548475
1548476
1548477
1548478
1548479
1548480
1548481
1548482
1548483
1548484
1548485
1548486
1548487
1548488
1548489
1548490
1548491
1548492
1548493
1548494
1548495
1548496
1548497
1548498
1548499
1548500
1548501
1548502
1548503
1548504
1548505
1548506
1548507
1548508
1548509
1548510
1548511
1548512
1548513
1548514
1548515
1548516
1548517
1548518
1548519
1548520
1548521
1548522
1548523
1548524
1548525
1548526
1548527
1548528
1548529
1548530
1548531
1548532
1548533
1548534
1548535
1548536
1548537
1548538
1548539
1548540
1548541
1548542
1548543
1548544
1548545
1548546
1548547
1548548
1548549
1548550
1548551
1548552
1548553
1548554
1548555
1548556
1548557
1548558
1548559
1548560
1548561
1548562
1548563
1548564
1548565
1548566
1548567
1548568
1548569
1548570
1548571
1548572
1548573
1548574
1548575
1548576
1548577
1548578
1548579
1548580
1548581
1548582
1548583
1548584
1548585
1548586
1548587
1548588
1548589
1548590
1548591
1548592
1548593
1548594
1548595
1548596
1548597
1548598
1548599
1548600
1548601
1548602
1548603
1548604
1548605
1548606
1548607
1548608
1548609
1548610
1548611
1548612
1548613
1548614
1548615
1548616
1548617
1548618
1548619
1548620
1548621
1548622
1548623
1548624
1548625
1548626
1548627
1548628
1548629
1548630
1548631
1548632
1548633
1548634
1548635
1548636
1548637
1548638
1548639
1548640
1548641
1548642
1548643
1548644
1548645
1548646
1548647
1548648
1548649
1548650
1548651
1548652
1548653
1548654
1548655
1548656
1548657
1548658
1548659
1548660
1548661
1548662
1548663
1548664
1548665
1548666
1548667
1548668
1548669
1548670
1548671
1548672
1548673
1548674
1548675
1548676
1548677
1548678
1548679
1548680
1548681
1548682
1548683
1548684
1548685
1548686